0.96 1.122 1.3312
0.96 1.122 1.6
0.96 1.122 1.866
0.96 1.23675 0.6656
0.96 1.23675 0.8
0.96 1.23675 1.0624
0.96 1.23675 1.3312
0.96 1.23675 1.6
0.96 1.23675 1.866
0.96 1.3005 0.6656
0.96 1.3005 0.8
0.96 1.3005 1.0624
0.96 1.3005 1.3312
0.96 1.3005 1.6
0.96 1.3005 1.866
1.1136 0.42075 0.6656
1.1136 0.42075 0.8
1.1136 0.42075 1.0624
1.1136 0.42075 1.3312
1.1136 0.42075 1.6
1.1136 0.42075 1.866
1.1136 0.52275 0.6656
1.1136 0.52275 0.8
1.1136 0.52275 1.0624
1.1136 0.52275 1.3312
1.1136 0.52275 1.6
1.1136 0.52275 1.866
1.1136 0.62475 0.6656
1.1136 0.62475 0.8
1.1136 0.62475 1.0624
1.1136 0.62475 1.3312
1.1136 0.62475 1.6
1.1136 0.62475 1.866
1.1136 0.72675 0.6656
1.1136 0.72675 0.8
1.1136 0.72675 1.0624
1.1136 0.72675 1.3312
1.1136 0.72675 1.6
1.1136 0.72675 1.866
1.1136 0.85425 0.6656
1.1136 0.85425 0.8
1.1136 0.85425 1.0624
1.1136 0.85425 1.3312
1.1136 0.85425 1.6
1.1136 0.85425 1.866
1.1136 0.93075 0.6656
1.1136 0.93075 0.8
1.1136 0.93075 1.0624
1.1136 0.93075 1.3312
1.1136 0.93075 1.6
1.1136 0.93075 1.866
1.1136 1.03275 0.6656
1.1136 1.03275 0.8
1.1136 1.03275 1.0624
1.1136 1.03275 1.3312
1.1136 1.03275 1.6
1.1136 1.03275 1.866
1.1136 1.122 0.6656
1.1136 1.122 0.8
1.1136 1.122 1.0624
1.1136 1.122 1.3312
1.1136 1.122 1.6
1.1136 1.122 1.866
1.1136 1.23675 0.6656
1.1136 1.23675 0.8
1.1136 1.23675 1.0624
1.1136 1.23675 1.3312
1.1136 1.23675 1.6
1.1136 1.23675 1.866
1.1136 1.3005 0.6656
1.1136 1.3005 0.8
1.1136 1.3005 1.0624
1.1136 1.3005 1.3312
1.1136 1.3005 1.6
1.1136 1.3005 1.866
1.2672 0.42075 0.6656
1.2672 0.42075 0.8
1.2672 0.42075 1.0624
1.2672 0.42075 1.3312
1.2672 0.42075 1.6
1.2672 0.42075 1.866
1.2672 0.52275 0.6656
1.2672 0.52275 0.8
1.2672 0.52275 1.0624
1.2672 0.52275 1.3312
1.2672 0.52275 1.6
1.2672 0.52275 1.866
1.2672 0.62475 0.6656
1.2672 0.62475 0.8
1.2672 0.62475 1.0624
1.2672 0.62475 1.3312
1.2672 0.62475 1.6
1.2672 0.62475 1.866
1.2672 0.72675 0.6656
1.2672 0.72675 0.8
1.2672 0.72675 1.0624
1.2672 0.72675 1.3312
1.2672 0.72675 1.6
1.2672 0.72675 1.866
1.2672 0.85425 0.6656
1.2672 0.85425 0.8
1.2672 0.85425 1.0624
1.2672 0.85425 1.3312
1.2672 0.85425 1.6
1.2672 0.85425 1.866
1.2672 0.93075 0.6656
1.2672 0.93075 0.8
1.2672 0.93075 1.0624
1.2672 0.93075 1.3312
1.2672 0.93075 1.6
1.2672 0.93075 1.866
1.2672 1.03275 0.6656
1.2672 1.03275 0.8
1.2672 1.03275 1.0624
1.2672 1.03275 1.3312
1.2672 1.03275 1.6
1.2672 1.03275 1.866
1.2672 1.122 0.6656
1.2672 1.122 0.8
1.2672 1.122 1.0624
1.2672 1.122 1.3312
1.2672 1.122 1.6
1.2672 1.122 1.866
1.2672 1.23675 0.6656
1.2672 1.23675 0.8
1.2672 1.23675 1.0624
1.2672 1.23675 1.3312
1.2672 1.23675 1.6
1.2672 1.23675 1.866
1.2672 1.3005 0.6656
1.2672 1.3005 0.8
1.2672 1.3005 1.0624
1.2672 1.3005 1.3312
1.2672 1.3005 1.6
1.2672 1.3005 1.866
1.4208 0.42075 0.6656
1.4208 0.42075 0.8
1.4208 0.42075 1.0624
1.4208 0.42075 1.3312
1.4208 0.42075 1.6
1.4208 0.42075 1.866
1.4208 0.52275 0.6656
1.4208 0.52275 0.8
1.4208 0.52275 1.0624
1.4208 0.52275 1.3312
1.4208 0.52275 1.6
1.4208 0.52275 1.866
1.4208 0.62475 0.6656
1.4208 0.62475 0.8
1.4208 0.62475 1.0624
1.4208 0.62475 1.3312
1.4208 0.62475 1.6
1.4208 0.62475 1.866
1.4208 0.72675 0.6656
1.4208 0.72675 0.8
1.4208 0.72675 1.0624
1.4208 0.72675 1.3312
1.4208 0.72675 1.6
1.4208 0.72675 1.866
1.4208 0.85425 0.6656
1.4208 0.85425 0.8
1.4208 0.85425 1.0624
1.4208 0.85425 1.3312
1.4208 0.85425 1.6
1.4208 0.85425 1.866
1.4208 0.93075 0.6656
1.4208 0.93075 0.8
1.4208 0.93075 1.0624
1.4208 0.93075 1.3312
1.4208 0.93075 1.6
1.4208 0.93075 1.866
1.4208 1.03275 0.6656
1.4208 1.03275 0.8
1.4208 1.03275 1.0624
1.4208 1.03275 1.3312
1.4208 1.03275 1.6
1.4208 1.03275 1.866
1.4208 1.122 0.6656
1.4208 1.122 0.8
1.4208 1.122 1.0624
1.4208 1.122 1.3312
1.4208 1.122 1.6
1.4208 1.122 1.866
1.4208 1.23675 0.6656
1.4208 1.23675 0.8
1.4208 1.23675 1.0624
1.4208 1.23675 1.3312
1.4208 1.23675 1.6
1.4208 1.23675 1.866
1.4208 1.3005 0.6656
1.4208 1.3005 0.8
1.4208 1.3005 1.0624
1.4208 1.3005 1.3312
1.4208 1.3005 1.6
1.4208 1.3005 1.866
1.5744 0.42075 0.6656
1.5744 0.42075 0.8
1.5744 0.42075 1.0624
1.5744 0.42075 1.3312
1.5744 0.42075 1.6
1.5744 0.42075 1.866
1.5744 0.52275 0.6656
1.5744 0.52275 0.8
1.5744 0.52275 1.0624
1.5744 0.52275 1.3312
1.5744 0.52275 1.6
1.5744 0.52275 1.866
1.5744 0.62475 0.6656
1.5744 0.62475 0.8
1.5744 0.62475 1.0624
1.5744 0.62475 1.3312
1.5744 0.62475 1.6
1.5744 0.62475 1.866
1.5744 0.72675 0.6656
1.5744 0.72675 0.8
1.5744 0.72675 1.0624
1.5744 0.72675 1.3312
1.5744 0.72675 1.6
1.5744 0.72675 1.866
1.5744 0.85425 0.6656
1.5744 0.85425 0.8
1.5744 0.85425 1.0624
1.5744 0.85425 1.3312
1.5744 0.85425 1.6
1.5744 0.85425 1.866
1.5744 0.93075 0.6656
1.5744 0.93075 0.8
1.5744 0.93075 1.0624
1.5744 0.93075 1.3312
1.5744 0.93075 1.6
1.5744 0.93075 1.866
1.5744 1.03275 0.6656
1.5744 1.03275 0.8
1.5744 1.03275 1.0624
1.5744 1.03275 1.3312
1.5744 1.03275 1.6
1.5744 1.03275 1.866
1.5744 1.122 0.6656
1.5744 1.122 0.8
1.5744 1.122 1.0624
1.5744 1.122 1.3312
1.5744 1.122 1.6
1.5744 1.122 1.866
1.5744 1.23675 0.6656
1.5744 1.23675 0.8
1.5744 1.23675 1.0624
1.5744 1.23675 1.3312
1.5744 1.23675 1.6
1.5744 1.23675 1.866
1.5744 1.3005 0.6656
1.5744 1.3005 0.8
1.5744 1.3005 1.0624
1.5744 1.3005 1.3312
1.5744 1.3005 1.6
1.5744 1.3005 1.866
1.728 0.42075 0.6656
1.728 0.42075 0.8
1.728 0.42075 1.0624
1.728 0.42075 1.3312
1.728 0.42075 1.6
1.728 0.42075 1.866
1.728 0.52275 0.6656
1.728 0.52275 0.8
1.728 0.52275 1.0624
1.728 0.52275 1.3312
1.728 0.52275 1.6
1.728 0.52275 1.866
1.728 0.62475 0.6656
1.728 0.62475 0.8
1.728 0.62475 1.0624
1.728 0.62475 1.3312
1.728 0.62475 1.6
1.728 0.62475 1.866
1.728 0.72675 0.6656
1.728 0.72675 0.8
1.728 0.72675 1.0624
1.728 0.72675 1.3312
1.728 0.72675 1.6
1.728 0.72675 1.866
1.728 0.85425 0.6656
1.728 0.85425 0.8
1.728 0.85425 1.0624
1.728 0.85425 1.3312
1.728 0.85425 1.6
1.728 1.3005 1.866
1.8816 0.42075 0.6656
1.8816 0.42075 0.8
1.8816 0.42075 1.0624
1.8816 0.42075 1.3312
1.8816 0.42075 1.6
1.8816 0.42075 1.866
1.8816 0.52275 0.6656
1.8816 0.52275 0.8
1.8816 0.52275 1.0624
1.8816 0.52275 1.3312
1.8816 0.52275 1.6
1.8816 0.52275 1.866
1.8816 0.62475 0.6656
1.8816 0.62475 0.8
1.8816 0.62475 1.0624
1.8816 0.62475 1.3312
1.8816 0.62475 1.6
1.8816 0.62475 1.866
1.8816 0.72675 0.6656
1.8816 0.72675 0.8
1.8816 0.72675 1.0624
1.8816 0.72675 1.3312
1.8816 0.72675 1.6
1.8816 0.72675 1.866
1.8816 0.85425 0.6656
1.8816 0.85425 0.8
1.8816 0.85425 1.0624
1.8816 0.85425 1.3312
1.8816 0.85425 1.6
1.8816 0.85425 1.866
1.8816 0.93075 0.6656
1.8816 0.93075 0.8
1.8816 0.93075 1.0624
1.8816 0.93075 1.3312
1.8816 0.93075 1.6
1.8816 0.93075 1.866
1.8816 1.03275 0.6656
1.8816 1.03275 0.8
1.8816 1.03275 1.0624
1.8816 1.03275 1.3312
1.8816 1.03275 1.6
1.8816 1.03275 1.866
1.8816 1.122 0.6656
1.8816 1.122 0.8
1.8816 1.122 1.0624
1.8816 1.122 1.3312
1.8816 1.122 1.6
1.8816 1.122 1.866
1.8816 1.23675 0.6656
1.8816 1.23675 0.8
1.8816 1.23675 1.0624
1.8816 1.23675 1.3312
1.8816 1.23675 1.6
1.8816 1.23675 1.866
1.8816 1.3005 0.6656
1.8816 1.3005 0.8
1.8816 1.3005 1.0624
1.8816 1.3005 1.3312
1.8816 1.3005 1.6
1.8816 1.3005 1.866
2.035 0.42075 0.6656
2.035 0.42075 0.8
2.035 0.42075 1.0624
2.035 0.42075 1.3312
2.035 0.42075 1.6
2.035 0.42075 1.866
2.035 0.52275 0.6656
2.035 0.52275 0.8
2.035 0.52275 1.0624
2.035 0.52275 1.3312
2.035 0.52275 1.6
2.035 0.52275 1.866
2.035 0.62475 0.6656
2.035 0.62475 0.8
2.035 0.62475 1.0624
2.035 0.62475 1.3312
2.035 0.62475 1.6
2.035 0.62475 1.866
2.035 0.72675 0.6656
2.035 0.72675 0.8
2.035 0.72675 1.0624
2.035 0.72675 1.3312
2.035 0.72675 1.6
2.035 0.72675 1.866
2.035 0.85425 0.6656
2.035 0.85425 0.8
2.035 0.85425 1.0624
2.035 0.85425 1.3312
2.035 0.85425 1.6
2.035 0.85425 1.866
2.035 0.93075 0.6656
2.035 0.93075 0.8
2.035 0.93075 1.0624
2.035 0.93075 1.3312
2.035 0.93075 1.6
2.035 0.93075 1.866
2.035 1.03275 0.6656
2.035 1.03275 0.8
2.035 1.03275 1.0624
2.035 1.03275 1.3312
2.035 1.03275 1.6
2.035 1.03275 1.866
2.035 1.122 0.6656
2.035 1.122 0.8
2.035 1.122 1.0624
2.035 1.122 1.3312
2.035 1.122 1.6
2.035 1.122 1.866
2.035 1.23675 0.6656
2.035 1.23675 0.8
2.035 1.23675 1.0624
2.035 1.23675 1.3312
2.035 1.23675 1.6
2.035 1.23675 1.866
2.035 1.3005 0.6656
2.035 1.3005 0.8
2.035 1.3005 1.0624
2.035 1.3005 1.3312
2.035 1.3005 1.6
2.035 1.3005 1.866
